229106	229182
229225	229300
232641	232717
240866	240942
299507	299582
557158	557234
660151	660225
660263	660337
660386	660462
660478	660552
660587	660661
660685	660769
660779	660855
733590	733665
733701	733776
733779	733854
733906	733981
733985	734060
734109	734184
734218	734293
886520	886607
983429	983516
1074223	1074310
1303347	1303431
1303465	1303549
1719461	1719537
1719542	1719618
1953472	1953558
1953571	1953644
1953698	1953773
2006592	2006681
2007673	2007748
2047566	2047641
2049390	2049465
2051799	2051874
2304143	2304219
2473811	2473885
2513980	2514055
2514095	2514170
2516869	2516944
2516988	2517063
2517110	2517185
2517190	2517265
2709601	2709676
2800690	2800766
2800830	2800906
2800969	2801045
2801110	2801186
2801190	2801282
2925480	2925556
2925590	2925666
2925700	2925776
3000170	3000243
3110179	3110254
3266377	3266452
3362033	3362109
3365890	3365976
3466672	3466747
3470058	3470133
3470176	3470252
3753653	3753729
3989463	3989538
3992892	3992977
3992986	3993061
4027530	4027606
4027664	4027740
4027761	4027847
4027890	4027966
4105194	4105270
4105313	4105388
4245596	4245671
4252448	4252523
4252532	4252616
4252733	4252807
4252814	4252889
4285766	4285841
4502926	4503001
4531867	4531942
4531979	4532054
4532090	4532165
4646682	4646766
4737120	4737206
4737241	4737327
4737356	4737442
